 45050000240|4505|0000240|DAVM750114719|DAVILA,VENTURA/MANUEL|1|00000000000000000000|DAVM750114HDFVNN06|0064504273680102|021180064504273689|02|40021|4a. CALLE DE CONTRERAS|121|00000|LA CONCEPCION|10840|09008|0950000000|M001|500|1202|CFO2003|09002|2|3|04|0014|07|20061101|20191016|8|3|0|20200701|20201231|1| 
 45050000277|4505|0000277|LOGL690826ENA|LOPEZ,GOMEZ/MARIA LORENA|2|00000000000000000000|LOGL690826MDFPMR04|0001342243960102|012180001342243966|02|40012|SECCION ZURCO|3|D-301|INFONAVIT IZTACALCO|08900|09006|0950000000|M001|500|1202|CFO2003|09002|2|3|04|0013|07|19950916|20191016|8|3|0|20200701|20201231|1| 
 45050000242|4505|0000242|OEVI750921RH6|OSEGUERA,VALENCIA/ISRAEL|1|00000000000000000000|OEVI750921HDFSLS06|0012226228150102|012180012226228151|02|40012|AV. 508|89|00000|U. ARAGON 1A. SECC|07969|09005|0950000000|M001|500|1202|CFO2003|09002|2|3|04|0012|07|20020901|20191016|8|3|0|20200701|20201231|1| 
 01194951 
 45050000231|4505|0000231|AUPE860125DX8|AGUIRRE,PAREDES/ELIZABETH JANETH|2|00000000000000000000|AUPE860125MMCGRL04|0014447276140102|012180014447276142|02|40012|CALLE 2|42|I-18|AGRICOLA PANTITTLAN|08100|09006|0950000000|M001|500|1202|CFN3001|09002|2|3|04|0011|07|20130601|20181201|8|3|0|20200701|20201231|1| 
 45050000244|4505|0000244|PISB8007261MA|PINEDA,SOLORIO/BRENDA MARISOL|2|00000000000000000000|PISB800726MDFNLR04|0001047282180102|044180001047282180|02|40044|EDUARDO MOLINA|2205|00000|NUEVA ATZACOALCO|07420|09005|0950000000|M001|500|1202|CFN3001|09002|2|3|04|0010|07|20140701|20181201|8|3|0|20200701|20201231|1| 
 45050000279|4505|0000279|SAAM8401194E5|SANTIN,ALDUNCIN/MAYRA SELENE|2|00000000000000000000|SAAM840119MDFNLY01|0001014508830102|044180001014508839|02|40044|HOPELCHEN|MZ-22|LT-14|HEROES DE PADIERNA|14200|09012|0950000000|M001|500|1202|CFM2003|09002|2|3|04|0003|07|20081116|20190601|8|3|0|20200701|20201231|1| 
 45050000234|4505|0000234|AORC720721CD1|ACOSTA,ROMERO/CECILIA|1|00000000000000000000|AORC720721MDFCMC06|0040064815010102|021180040064815019|02|40021|FERROCARRIL DEL VALLE|123|00000|TIZAPAN|01090|09010|0950000000|M001|500|1202|CFM3001|09002|2|3|04|0005|07|19950116|20181201|8|3|0|20200701|20201231|1| 
 45050000280|4505|0000280|MARR831016ND0|MARTINEZ,RODRIGUEZ/ROSA ELDA|1|00000000000000000000|MARR831016MDFRDS03|0063196729550102|021180063196729555|02|40021|SAN SAMUEL|M-572|L-11|P. DE SANTA URSULA C|04650|09003|0950000000|M001|500|1202|CFM3003|09002|2|3|04|0004|07|20111016|20181201|8|3|0|20200701|20201231|1| 
 12539428 
 45050000235|4505|0000235|VEGM6602136TA|VEGA,GRANADOS/MARCO ANTONIO|1|00000000000000000000|VEGM660213HMCGRR01|0000390382380102|036180500390382385|02|40036|AV. CANAL DE TEZONTLE|1102|101|PASEOS DE CHURUBUSCO|09030|09007|0931300000|P018|313|1202|CFO1001|09014|2|3|04|0004|07|20170301|20200101|8|3|0|20200701|20201231|1| 
 45050000238|4505|0000238|FOTT660427B84|FLORES,TLAXCALTECA/MARIA TERESA|2|00000000000000000000|FOTT660427MDFLLR06|0064979673840102|021180064979673843|02|40021|GLADIOLA|42|18|LOS ANGELES|09830|09007|0931300000|P018|313|1202|CFO1001|09014|2|3|04|0003|07|20030401|20030401|8|3|0|20200701|20201231|1| 
 08773025 
 45050000024|4505|0000024|BADV830929JP3|BARRON,DEGOLLADO/VIVIANA PENELOPE|1|00000000000000000000|BADV830929MDFRGV06|0028711403370102|012180028711403378|02|40012|MANUEL JOSE OTHON|92|302 C|OBRERA|06800|09015|0931500000|P018|315|1202|CFO1001|09014|2|3|04|0010|07|20190701|20190701|8|3|0|20200701|20201231|1| 
 45050000112|4505|0000112|AICC690909116|ARRIAGA,CAMARENA/CESAR|2|00000000000000000000|AICC690909HDFRM209|0060645085590102|021180060645085594|02|40021|EMILIO CARRANZA|6|00000|BUENAVISTA|53800|15057|0931500000|P018|315|1202|CFO1001|09014|2|3|04|0007|07|19921001|19921001|8|3|0|20200701|20201231|1| 
 45050000036|4505|0000036|METO750606EB4|MEMIJE,TAMES/OSCAR ALEXIL|2|00000000000000000000|METO750606HDFMMS06|0040589841390102|021180040589841393|02|40021|JUAN DE LA BARRERA|28||101|NI&OS HEROES|03440|09014|0931500000|P018|315|1202|CFN1001|09014|2|3|04|0007|07|20040101|20100116|8|3|0|20200701|20201231|1| 
 45050000108|4505|0000108|BABL600110370|BAAS,BRICE&O/LAURA MAGDALENA|1|00000000000000000000|BABL600110MDFSRR08|0040388295860102|021180040388295865|02|40021|ROBERTO RIOS ELIZONDO|62|5|OLIVAR DE LOS PADRES|01780|09010|0931500000|P018|315|1202|CFM1001|09014|2|3|04|0003|07|19871101|20010501|8|3|0|20200701|20201231|1| 
 04410130 
 45050000285|4505|0000285|PAAM751017TH1|PLASCENCIA,ANDRADE/MARGARITA|1|00000000000000000000|PAAM751017MDFLNR06|0015686809570102|012180015686809573|02|40012|AV. 6|223|00000|GRAL IGNACIO ZARAGOZ|15000|09017|09S0000000|G004|S00|1202|CFO2003|09017|2|3|01|0001|07|20200316|20200316|8|3|0|20200701|20201231|1| 
 10465710 
 45050000263|4505|0000263|LASR790310IT1|LARIOS,SANTOYO/RAFAEL|1|00000000000000000000|LASR790310HPLRNF09|0001039897470102|044180001039897473|02|40044|CALLEJON DE IXPANTENCO|12|6|LOS REYES|04330|09003|09S0000000|G004|S00|1202|CFM2003|09017|2|3|01|0003|07|20190601|20190601|8|3|0|20200701|20201231|1| 
 45050000286|4505|0000286|AUHH780818R35|AGUILA,HERNANDEZ/HUGO LENIN|2|00000000000000000000|AUHH780818HMNGRG06|0015850014660102|012180015850014660|02|40012|VIRGINIA FABREGAS|31|B D32|JORGE NEGRETE|07280|09005|09S0000000|G004|S00|1202|CFO2003|09017|2|3|01|0002|07|20170316|20200501|8|3|0|20200701|20201231|1| 
 https://verificacfdi.facturaelectronica.sat.gob.mx/default.aspx?id=b723cafa-bd98-4f98-8b1d-29727c9083f7&re=CMG980810NF7&rr=XAXX010101000&tt=458.27&fe=RDVlWg== 
